function [res, pol] = res_pols()
% Residues and poles of the OGA rational approximant on [1e-6, 1]
% Residues
res = [0.001163181622200; 
     0.013218620357233; 
     0.000255953763580; 
     0.046695455564245; 
     0.002833475749545; 
     0.000144842262876; 
     7.333904150551077; 
     0.000535823283956; 
     0.176401964217136; 
     0.000085661432787; 
     0.026987066006317; 
     0.005823374267035; 
     0.418860226358461; 
     0.000717641159456; 
     0.001870543346405; 
     0.063983537529953; 
     0.000318817071900; 
     0.000126652196126; 
     -0.002953457313354; 
     0.494928246538564];

% Poles
pol = [0.000018062500000; 
     0.000933302500000; 
     0.000000562500000; 
     0.013156090000000; 
     0.000104040000000; 
     0.000000062500000; 
     25.000000000000000; 
     0.000003422500000; 
     0.136641122500000; 
     0.000000002500000; 
     0.003271840000000; 
     0.000277222500000; 
     0.684011702500000; 
     0.000008122500000; 
     0.000044222500000; 
     0.039243610000000; 
     0.000001440000000; 
     0.000000202500000; 
     0.001759802500000; 
     2.185962250000000];

end
